[app/ui]
version = 7.0.2
modtime = 1525482612.434391000

[app/launcher]
version = 7.0.2
modtime = 1525482612.435000000
